50 0.001046 0.000776
100 0.009163 0.003224
150 0.021933 0.003850
200 0.043842 0.008452
250 0.085872 0.015750
300 0.148488 0.030799
350 0.237162 0.042177
400 0.356046 0.063166
450 0.509127 0.087240
500 0.701207 0.115897
550 0.934709 0.187621
600 1.235433 0.215618
650 1.558053 0.284588
700 1.948617 0.337170
750 2.407011 0.395392
800 2.948611 0.476832
850 3.497256 0.657769
900 4.222199 0.745342
950 5.113511 0.918926
1000 5.803185 0.965037
1050 6.825732 1.317729
1100 7.729170 1.325194
1150 8.723621 1.461120
1200 9.935981 1.645700
